layout_spectrum: 1
typography_spectrum: 0.4329084
color:
  lightness: 0.1804384
  brandStrength: 0.2554806
  saturation: 0.3086003
  rhythmicContrast: 0.6032046
name: Nomami Arquitectos
